3631.86989624140
3641.46243345120
3651.80737474858
3662.90060151900
3674.73766203050
3687.31377055448
3700.62380654956
3714.66231392696
3729.42350041643
3744.90123705221
3761.08905779880
3777.98015933644
3795.56740102635
3813.84330507571
3832.80005692221
3852.42950585774
3872.72316591045
3893.67221700387
3915.26750641132
3937.49955052305
3960.35853694286
3983.83432693015
4007.91645820233
4032.59414811152
4057.85629720852
4083.69149320580
4110.08801535004
4137.03383921351
4164.51664191251
4192.52380775930
4221.04243435307
4250.05933911378
4279.56106626141
4309.53389424167
4339.96384359788
4370.83668528712
4402.13794943732
4433.85293454076
4465.96671707758
4498.46416156181
4531.32993100092
4564.54849775843
4598.10415480787
4631.98102736497
4666.16308488375
4700.63415340080
4735.37792821096
4770.37798685643
4805.61780241001
4841.08075703256
4876.75015578320
4912.60924066032
4948.64120485019
4984.82920715952
5021.15638660706
5057.60587714929
5094.16082251387
5130.80439111472
5167.51979102146
5204.29028495609
5241.09920528898
5277.92996900640
5314.76609262131
5351.59120699922
5388.38907207093
5425.14359140380
5461.83882660362
5498.45901151911
5534.98856622156
5571.41211073235
5607.71447847156
5643.88072940155
5679.89616283964
5715.74632991507
5751.41704564585
5786.89440061204
5822.16477220288
5857.21483541603
5892.03157318824
5926.60228623767
5960.91460239955
5994.95648543738
6028.71624331380
6062.18253590584
6095.34438215112
6128.19116661225
6160.71264544881
6192.89895178681
6224.74060047772
6256.22849223998
6287.35391717774
6318.10855767276
6348.48449064705
6378.47418919525
6408.07052358700
6437.26676164143
6466.05656847689
6494.43400564074
6522.39352962542
6549.92998977826
6577.03862561398
6603.71506354011
6629.95531300691
6655.75576209444
6681.11317255094
6706.02467429753
6730.48775941563
6754.50027563428
6778.06041933587
6801.16672809937
6823.81807280141
6846.01364929595
6867.75296969457
6889.03585326948
6909.86241700252
6930.23306580346
6950.14848242191
6969.60961707696
6988.61767682946
7007.17411472186
7025.28061871065
7042.93910041669
7060.15168371864
7076.92069321449
7093.24864257647
7109.13822282372
7124.59229053765
7139.61385604374
7154.20607158372
7168.37221950127
7182.11570046381
7195.44002174260
7208.34878557227
7220.84567761068
7232.93445551868
7244.61893767910
7255.90299207294
7266.79052533009
7277.28547197099
7287.39178385459
7297.11341984703
7306.45433572446
7315.41847432250
7324.00975594376
7332.23206903376
7340.08926113489
7347.58513012666
7354.72341575993
7361.50779149154
7367.94185662512
7374.02912876276
23245.5586996250
7385.17691286867
7390.24398802540
7394.97738369549
25379.7751765035
25053.9759034058
9204.64180362751
7410.63247535000
11334.1165323163
7416.53017135252
14604.0317214923
23095.1206387820
7423.01652343167
7424.55705939447
17870.4194449484
28313.0654015619
13137.6834488438
7427.65297324320
7427.66640389315
15745.1246536819
7426.78672229007
12317.6464078397
20305.0676551217
26008.3838787602
27798.1797794923
26816.4842495363
27138.6660764569
24689.9727183922
27293.4152602524
18978.0488743021
8056.10559581205
9192.76306353301
7396.16017054403
7391.62777019441
7386.78506771248
9010.80671027836
10960.2232803692
9976.87617790033
7364.27359774947
10778.6351757272
19567.7221726797
25423.8754903544
26881.5188638098
23615.4846222760
21977.9343451728
7312.43274962003
7303.69113350578
13807.4685957087
8262.01635724908
20786.9670170724
19147.5633933426
16531.5352728418
7243.92761396871
7232.71725825687
10311.8962171849
22171.9953469345
27684.9320481523
27829.8815291590
26836.2410489585
27467.0250786095
25822.5717854428
27100.9220837711
26916.6093904097
26893.6783617634
26707.5564921084
27006.8350662783
21148.0308714942
25010.2421967836
24982.9497326997
7486.54010614241
6983.44686650820
6965.16010791714
15178.1919930479
6927.33008245389
22539.2606667771
15904.3546766930
15393.1348250072
11507.1264153650
14531.5185930407
6803.69260587114
10786.4779584101
24839.9607842560
24155.6326938806
24908.0037116649
23425.3429037055
20512.6985892387
6640.12943824704
11534.7732420451
6589.61233901522
10518.5061034797
21697.9883274023
22432.8160913444
21747.2347849313
21062.6592315629
15519.8888817096
20166.2974015602
13240.1098185045
6342.27917380237
16726.4341142677
23185.7707561277
22342.2495746665
21655.3973340179
15582.2194022188
6160.44036006531
16542.8095892434
12511.8269340018
13832.6814342663
22738.8082468718
22354.5921756794
9741.35181141356
5933.51924699947
5899.97484843198
11550.0258411405
5832.14702124878
5797.88670434411
8429.04120341081
5728.73343049583
5987.98628430632
8589.49582900081
20223.5816990662
15770.3426881366
5552.75630319599
5517.13774082244
5481.41076404623
5445.58982667744
5409.68959562131
5373.72493845351
5337.71091071192
5301.66274292974
5265.59582743483
5229.52570494089
5193.46805095610
5157.43866203551
5121.45344190315
5085.52838747027
5049.67957477622
5013.92314487805
4978.27528971518
4942.75223797524
4907.37024098670
4872.14555866388
4837.09444552933
4802.23313683829
4767.57783482918
4733.14469512367
4698.94981329917
4665.00921165586
4631.33882619944
4597.95449386023
4564.87193996815
4532.10676600214
4499.67443763167
4467.59027306691
4435.86943173299
4404.52690328260
4373.57749696018
4343.03583132939
4312.91632437465
4283.23318398606
4254.00039883563
4225.23172965159
4196.94070089613
4169.14059285042
4141.84443410963
4115.06499448905
4088.81477834118
4063.10601828229
4037.95066932538
4013.36040341552
3989.34660436175
3965.92036315888
3943.09247369092
3920.87342880685
3899.27341675823
3878.30231798692
3857.96970225041
3838.28482607073
3819.25663049270
3800.89373913572
3783.20445652299
3766.19676667123
3749.87833192333
3734.25649200580
3719.33826329276
3705.13033825758
3691.63908509331
3678.87054748282
3666.83044449968
3655.52417062103
3644.95679583355
3635.13306581465
3626.05740217086
3617.73390271624
3610.16634177448
3603.35817048885
3597.31251712524
3592.03218735453
3587.51966450144
3583.77710974855
3580.80636228482
3578.60893939005
3577.18603644722
3576.53852687691
3576.66696198882
3577.57157074729
3579.25225944916
3581.70861131377
3584.93988598664
3588.94501895965
3593.72262091234
3599.27097698028
3605.58804595799
3612.67145944529
3620.51852094734