0
0
0
0
0
0
0
0
0
0
0
0
0
0
0
0
0
0
0
0
0
0
0
0
0
0
0
0
0
0
0
0
0
0
0
0
0
0
0
0
0
0
0
0
0
0
0
0
0
0
0
0
0
0
0
0
0
0
0
0
0
0
0
0
0
0
0
0
0
0
0
0
0
0
0
0
0
0
0
0
0
0
0
0
0
0
0
0
0
0
0
0
0
0
0
0
0
0
0
0
0
0
0
0
0
0
0
0
0
0
0
0
0
0
0
0
0
0
0
0
0
0
0
0
0
0
0
0
0
0
0
0
0
0
0
0
0
0
0
0
0
0
0
0
0
0
0
0
0
0
0
31
32
29
24
29
32
32
25
24
29
30
31
29
28
32
35
33
25
27
31
26
29
33
35
35
35
36
37
37
36
27
29
30
29
26
26
27
25
25
25
31
34
36
37
35
26
28
28
31
32
33
33
29
27
31
32
34
35
35
35
35
35
35
36
36
35
36
35
34
29
29
30
31
31
32
32
31
33
31
26
27
32
33
34
33
31
29
30
28
30
32
33
33
32
31
32
31
28
32
32
32
32
31
20
27
28
29
30
31
30
22
24
28
30
28
28
23
25
29
30
28
23
0
0
0
0
0
0
0
0
0
0
0
0
0
0
0
0
0
0
0
0
0
0
0
0
0
0
0
0
0
0
0
0
0
0
0
0
0
0
0
0
0
0
0
0
0
0
0
0
0
0
0
0
0
0
0
0
0
0
0
0
0
0
0
0
0
0
0
0
0
0
0
0
0
0
0
0
0
0
0
0
0
0
0
0
0
0
0
0
0
0
0
0