0
0
0
0
0
0
0
0
0
0
0
0
0
0
0
0
0
0
0
0
0
0
0
0
0
0
0
0
0
0
0
0
0
0
0
0
0
0
0
0
0
0
0
0
0
0
0
0
0
0
0
0
0
0
0
0
0
0
0
0
0
0
0
0
0
0
0
0
0
0
0
0
0
0
0
0
0
0
0
0
0
0
0
0
0
0
0
0
0
0
0
0
0
0
0
0
0
0
0
0
0
0
0
0
0
0
0
0
0
0
0
0
0
0
0
0
0
0
0
0
0
0
0
0
0
0
0
0
0
0
0
0
0
0
0
0
0
0
0
0
0
0
0
0
0
0
0
0
0
0
0
24
27
26
20
19
20
25
23
21
22
21
22
24
24
24
26
26
22
22
24
24
21
24
26
27
28
29
30
29
29
24
25
25
23
21
21
20
20
24
22
24
25
27
27
27
23
22
23
24
26
26
26
26
24
24
25
26
26
26
26
26
26
27
28
27
27
27
27
26
25
25
24
25
25
25
25
25
25
26
22
22
22
23
24
23
23
23
23
22
22
22
23
24
24
25
25
24
23
23
22
23
23
21
18
20
20
21
20
21
21
19
19
19
22
22
23
20
21
21
21
21
20
0
0
0
0
0
0
0
0
0
0
0
0
0
0
0
0
0
0
0
0
0
0
0
0
0
0
0
0
0
0
0
0
0
0
0
0
0
0
0
0
0
0
0
0
0
0
0
0
0
0
0
0
0
0
0
0
0
0
0
0
0
0
0
0
0
0
0
0
0
0
0
0
0
0
0
0
0
0
0
0
0
0
0
0
0
0
0
0
0
0
0
0